12 ((2, 4, 6, 8, 10, 12, 1, 7, 3, 9, 5, 11), 96) !!!
11 ((2, 4, 6, 8, 10, 11, 1, 7, 3, 9, 5), 82) !!!
10 ((2, 4, 6, 8, 10, 5, 1, 7, 3, 9), 69) !!!
 9 ((2, 4, 6, 8, 9, 5, 1, 7, 3), 57) !!!
 
 8 ((2, 4, 6, 8, 3, 5, 1, 7), 46) !!!
 7 ((2, 4, 6, 7, 3, 5, 1), 36)
 6 ((2, 4, 6, 1, 3, 5), 27)
 5 ((2, 4, 5, 1, 3), 19)
 4 ((2, 4, 3, 1), 12)
 3 ((1, 3, 2), 6)
 2 ((1, 2), 3)


((1, 4, 6, 8, 2, 5, 3, 7), 46)
((2, 4, 6, 8, 3, 5, 1, 7), 46)
((2, 4, 7, 1, 8, 5, 6, 3), 46)
((2, 4, 7, 8, 3, 5, 6, 1), 46)
((2, 5, 7, 1, 8, 6, 4, 3), 46)
((2, 5, 7, 8, 3, 6, 4, 1), 46)
((2, 6, 3, 1, 8, 5, 4, 7), 46)
((2, 6, 3, 8, 7, 5, 4, 1), 46)
((2, 6, 4, 1, 8, 3, 5, 7), 46)
((2, 6, 4, 8, 7, 3, 5, 1), 46)
((3, 6, 1, 8, 4, 5, 2, 7), 46)
((4, 3, 7, 1, 2, 8, 6, 5), 46)
((4, 6, 1, 8, 5, 3, 2, 7), 46)
((4, 8, 7, 1, 2, 5, 6, 3), 46)
((5, 2, 1, 8, 4, 3, 6, 7), 46)
((5, 2, 6, 8, 4, 1, 3, 7), 46)
((5, 3, 1, 8, 2, 4, 6, 7), 46)
((5, 3, 6, 8, 2, 1, 4, 7), 46)
((5, 3, 7, 1, 2, 8, 4, 6), 46)
((5, 8, 7, 1, 2, 6, 4, 3), 46)
((6, 8, 3, 1, 2, 5, 4, 7), 46)
((6, 8, 4, 1, 2, 3, 5, 7), 46)
((7, 2, 5, 1, 8, 3, 6, 4), 46)
((7, 2, 5, 8, 4, 3, 6, 1), 46)
((7, 3, 5, 1, 8, 4, 6, 2), 46)
((7, 3, 5, 8, 2, 4, 6, 1), 46)
((7, 6, 3, 1, 8, 5, 2, 4), 46)
((7, 6, 3, 8, 4, 5, 2, 1), 46)
((7, 6, 4, 1, 8, 3, 2, 5), 46)
((7, 6, 4, 8, 5, 3, 2, 1), 46)
((8, 3, 5, 1, 2, 4, 6, 7), 46)
((8, 3, 6, 1, 2, 4, 7, 5), 46)



((1, 4, 6, 8, 10, 11, 3, 7, 2, 9, 5), 82)
((2, 3, 4, 6, 9, 1, 11, 7, 8, 5, 10), 82)
((2, 3, 4, 7, 9, 1, 11, 8, 6, 5, 10), 82)
((2, 3, 4, 8, 5, 1, 11, 7, 6, 9, 10), 82)
((2, 3, 4, 8, 6, 1, 11, 5, 7, 9, 10), 82)
((2, 3, 5, 8, 1, 11, 6, 7, 4, 9, 10), 82)
((2, 3, 5, 8, 10, 11, 6, 7, 4, 1, 9), 82)
((2, 3, 6, 5, 9, 1, 11, 10, 8, 7, 4), 82)
((2, 3, 6, 8, 1, 11, 7, 5, 4, 9, 10), 82)
((2, 3, 6, 8, 10, 11, 7, 5, 4, 1, 9), 82)
((2, 3, 6, 10, 9, 1, 11, 7, 8, 5, 4), 82)
((2, 3, 7, 4, 1, 11, 6, 5, 8, 9, 10), 82)
((2, 3, 7, 4, 10, 11, 6, 5, 8, 1, 9), 82)
((2, 3, 7, 5, 1, 11, 4, 6, 8, 9, 10), 82)
((2, 3, 7, 5, 9, 1, 11, 10, 6, 8, 4), 82)
((2, 3, 7, 5, 10, 11, 4, 6, 8, 1, 9), 82)
((2, 3, 7, 10, 9, 1, 11, 8, 6, 5, 4), 82)
((2, 3, 8, 10, 5, 1, 11, 7, 6, 9, 4), 82)
((2, 3, 8, 10, 6, 1, 11, 5, 7, 9, 4), 82)
((2, 3, 9, 4, 7, 1, 11, 5, 8, 6, 10), 82)
((2, 3, 9, 5, 7, 1, 11, 6, 8, 4, 10), 82)
((2, 3, 9, 8, 5, 1, 11, 7, 4, 6, 10), 82)
((2, 3, 9, 8, 6, 1, 11, 5, 4, 7, 10), 82)
((2, 3, 10, 5, 7, 1, 11, 6, 8, 9, 4), 82)
((2, 3, 10, 5, 8, 1, 11, 6, 9, 7, 4), 82)
((2, 4, 6, 8, 10, 11, 1, 7, 3, 9, 5), 82)
((2, 4, 7, 1, 10, 11, 6, 3, 8, 9, 5), 82)
((2, 4, 7, 8, 10, 11, 6, 1, 3, 9, 5), 82)
((2, 4, 11, 6, 9, 1, 3, 7, 8, 5, 10), 82)
((2, 4, 11, 7, 9, 1, 3, 8, 6, 5, 10), 82)
((2, 4, 11, 8, 5, 1, 3, 7, 6, 9, 10), 82)
((2, 4, 11, 8, 6, 1, 3, 5, 7, 9, 10), 82)
((2, 5, 4, 8, 1, 11, 9, 7, 6, 3, 10), 82)
((2, 5, 4, 8, 10, 11, 9, 7, 6, 1, 3), 82)
((2, 5, 7, 1, 10, 11, 4, 3, 8, 9, 6), 82)
((2, 5, 7, 8, 10, 11, 4, 1, 3, 9, 6), 82)
((2, 5, 9, 8, 1, 11, 6, 7, 4, 3, 10), 82)
((2, 5, 9, 8, 10, 11, 6, 7, 4, 1, 3), 82)
((2, 6, 3, 1, 10, 11, 4, 7, 8, 9, 5), 82)
((2, 6, 3, 8, 10, 11, 4, 1, 7, 9, 5), 82)
((2, 6, 4, 1, 10, 11, 5, 7, 8, 9, 3), 82)
((2, 6, 4, 5, 9, 1, 3, 11, 8, 7, 10), 82)
((2, 6, 4, 8, 1, 11, 9, 5, 7, 3, 10), 82)
((2, 6, 4, 8, 10, 11, 5, 1, 7, 9, 3), 82)
((2, 6, 4, 8, 10, 11, 9, 5, 7, 1, 3), 82)
((2, 6, 4, 9, 11, 1, 3, 5, 8, 7, 10), 82)
((2, 6, 4, 10, 9, 1, 3, 11, 8, 5, 7), 82)
((2, 6, 9, 8, 1, 11, 7, 5, 4, 3, 10), 82)
((2, 6, 9, 8, 10, 11, 7, 5, 4, 1, 3), 82)
((2, 6, 11, 5, 9, 1, 3, 10, 8, 7, 4), 82)
((2, 6, 11, 10, 9, 1, 3, 7, 8, 5, 4), 82)
((2, 7, 4, 5, 9, 1, 3, 11, 6, 8, 10), 82)
((2, 7, 4, 9, 11, 1, 3, 5, 6, 8, 10), 82)
((2, 7, 4, 10, 9, 1, 3, 11, 6, 5, 8), 82)
((2, 7, 9, 4, 1, 11, 6, 5, 8, 3, 10), 82)
((2, 7, 9, 4, 10, 11, 6, 5, 8, 1, 3), 82)
((2, 7, 9, 5, 1, 11, 4, 6, 8, 3, 10), 82)
((2, 7, 9, 5, 10, 11, 4, 6, 8, 1, 3), 82)
((2, 7, 11, 5, 9, 1, 3, 10, 6, 8, 4), 82)
((2, 7, 11, 10, 9, 1, 3, 8, 6, 5, 4), 82)
((2, 8, 3, 6, 1, 11, 4, 7, 5, 9, 10), 82)
((2, 8, 3, 6, 10, 11, 4, 7, 5, 1, 9), 82)
((2, 8, 4, 6, 1, 11, 5, 7, 3, 9, 10), 82)
((2, 8, 4, 6, 10, 11, 5, 7, 3, 1, 9), 82)
((2, 8, 4, 10, 5, 1, 3, 11, 6, 9, 7), 82)
((2, 8, 4, 10, 6, 1, 3, 11, 7, 9, 5), 82)
((2, 8, 4, 11, 6, 1, 3, 5, 7, 9, 10), 82)
((2, 8, 7, 4, 1, 11, 6, 3, 5, 9, 10), 82)
((2, 8, 7, 4, 10, 11, 6, 3, 5, 1, 9), 82)
((2, 8, 7, 5, 1, 11, 4, 3, 6, 9, 10), 82)
((2, 8, 7, 5, 10, 11, 4, 3, 6, 1, 9), 82)
((2, 8, 11, 10, 5, 1, 3, 7, 6, 9, 4), 82)
((2, 8, 11, 10, 6, 1, 3, 5, 7, 9, 4), 82)
((2, 9, 4, 6, 1, 11, 5, 7, 8, 3, 10), 82)
((2, 9, 4, 6, 10, 11, 5, 7, 8, 1, 3), 82)
((2, 9, 4, 7, 1, 11, 5, 8, 6, 3, 10), 82)
((2, 9, 4, 7, 10, 11, 5, 8, 6, 1, 3), 82)
((2, 9, 4, 11, 6, 1, 3, 5, 7, 10, 8), 82)
((2, 9, 11, 4, 7, 1, 3, 5, 8, 6, 10), 82)
((2, 9, 11, 5, 7, 1, 3, 6, 8, 4, 10), 82)
((2, 9, 11, 8, 5, 1, 3, 7, 4, 6, 10), 82)
((2, 9, 11, 8, 6, 1, 3, 5, 4, 7, 10), 82)
((2, 10, 3, 6, 8, 1, 11, 7, 5, 9, 4), 82)
((2, 10, 4, 5, 7, 1, 3, 11, 8, 9, 6), 82)
((2, 10, 4, 5, 8, 1, 3, 11, 9, 7, 6), 82)
((2, 10, 4, 6, 8, 1, 11, 7, 3, 9, 5), 82)
((2, 10, 4, 6, 9, 1, 11, 7, 8, 3, 5), 82)
((2, 10, 4, 7, 6, 1, 3, 5, 11, 9, 8), 82)
((2, 10, 4, 7, 9, 1, 11, 8, 6, 3, 5), 82)
((2, 10, 4, 7, 11, 1, 3, 5, 8, 9, 6), 82)
((2, 10, 4, 8, 5, 1, 11, 7, 6, 3, 9), 82)
((2, 10, 4, 8, 6, 1, 3, 5, 11, 7, 9), 82)
((2, 10, 4, 8, 6, 1, 11, 5, 7, 3, 9), 82)
((2, 10, 4, 8, 11, 1, 3, 5, 9, 7, 6), 82)
((2, 10, 5, 8, 3, 1, 11, 7, 4, 9, 6), 82)
((2, 10, 6, 8, 3, 1, 11, 5, 4, 9, 7), 82)
((2, 10, 7, 4, 3, 1, 11, 5, 8, 9, 6), 82)
((2, 10, 7, 4, 8, 1, 11, 3, 5, 9, 6), 82)
((2, 10, 7, 5, 3, 1, 11, 6, 8, 9, 4), 82)
((2, 10, 7, 5, 8, 1, 11, 3, 6, 9, 4), 82)
((2, 10, 9, 4, 7, 1, 11, 5, 8, 3, 6), 82)
((2, 10, 9, 5, 7, 1, 11, 6, 8, 3, 4), 82)
((2, 10, 9, 8, 5, 1, 11, 7, 4, 3, 6), 82)
((2, 10, 9, 8, 6, 1, 11, 5, 4, 3, 7), 82)
((2, 10, 11, 5, 7, 1, 3, 6, 8, 9, 4), 82)
((2, 10, 11, 5, 8, 1, 3, 6, 9, 7, 4), 82)
((3, 6, 1, 8, 10, 11, 2, 7, 4, 9, 5), 82)
((3, 10, 5, 8, 1, 11, 6, 7, 4, 9, 2), 82)
((3, 10, 6, 8, 1, 11, 7, 5, 4, 9, 2), 82)
((3, 10, 7, 4, 1, 11, 6, 5, 8, 9, 2), 82)
((3, 10, 7, 5, 1, 11, 4, 6, 8, 9, 2), 82)
((4, 3, 7, 1, 10, 11, 6, 5, 2, 9, 8), 82)
((4, 6, 1, 8, 10, 11, 2, 7, 5, 9, 3), 82)
((4, 8, 7, 1, 10, 11, 6, 3, 2, 9, 5), 82)
((5, 2, 1, 8, 10, 11, 6, 7, 4, 9, 3), 82)
((5, 2, 6, 8, 10, 11, 3, 7, 4, 9, 1), 82)
((5, 3, 1, 8, 10, 11, 6, 7, 2, 9, 4), 82)
((5, 3, 4, 8, 1, 11, 10, 7, 6, 9, 2), 82)
((5, 3, 6, 8, 10, 11, 4, 7, 2, 9, 1), 82)
((5, 3, 7, 1, 10, 11, 4, 6, 2, 9, 8), 82)
((5, 3, 8, 10, 1, 11, 4, 7, 6, 9, 2), 82)
((5, 3, 9, 8, 1, 11, 10, 7, 4, 6, 2), 82)
((5, 8, 7, 1, 10, 11, 4, 3, 2, 9, 6), 82)
((5, 10, 4, 8, 1, 11, 9, 7, 6, 3, 2), 82)
((5, 10, 9, 8, 1, 11, 6, 7, 4, 3, 2), 82)
((6, 3, 4, 8, 1, 11, 10, 5, 7, 9, 2), 82)
((6, 3, 8, 10, 1, 11, 4, 5, 7, 9, 2), 82)
((6, 3, 9, 8, 1, 11, 10, 5, 4, 7, 2), 82)
((6, 8, 3, 1, 10, 11, 4, 7, 2, 9, 5), 82)
((6, 8, 4, 1, 10, 11, 5, 7, 2, 9, 3), 82)
((6, 10, 4, 8, 1, 11, 9, 5, 7, 3, 2), 82)
((6, 10, 9, 8, 1, 11, 7, 5, 4, 3, 2), 82)
((7, 2, 5, 1, 10, 11, 6, 4, 8, 9, 3), 82)
((7, 2, 5, 8, 10, 11, 6, 1, 4, 9, 3), 82)
((7, 3, 5, 1, 10, 11, 6, 2, 8, 9, 4), 82)
((7, 3, 5, 8, 10, 11, 6, 1, 2, 9, 4), 82)
((7, 3, 9, 4, 1, 11, 10, 5, 8, 6, 2), 82)
((7, 3, 9, 5, 1, 11, 10, 6, 8, 4, 2), 82)
((7, 3, 10, 5, 1, 11, 4, 6, 8, 9, 2), 82)
((7, 6, 3, 1, 10, 11, 2, 4, 8, 9, 5), 82)
((7, 6, 3, 8, 10, 11, 2, 1, 4, 9, 5), 82)
((7, 6, 4, 1, 10, 11, 2, 5, 8, 9, 3), 82)
((7, 6, 4, 8, 10, 11, 2, 1, 5, 9, 3), 82)
((7, 10, 9, 4, 1, 11, 6, 5, 8, 3, 2), 82)
((7, 10, 9, 5, 1, 11, 4, 6, 8, 3, 2), 82)
((8, 3, 5, 1, 10, 11, 6, 7, 2, 9, 4), 82)
((8, 3, 6, 1, 10, 11, 7, 5, 2, 9, 4), 82)
((8, 3, 10, 5, 1, 11, 4, 6, 9, 7, 2), 82)
((8, 10, 3, 6, 1, 11, 4, 7, 5, 9, 2), 82)
((8, 10, 4, 6, 1, 11, 5, 7, 3, 9, 2), 82)
((8, 10, 7, 4, 1, 11, 6, 3, 5, 9, 2), 82)
((8, 10, 7, 5, 1, 11, 4, 3, 6, 9, 2), 82)
((9, 2, 5, 7, 1, 11, 6, 4, 8, 3, 10), 82)
((9, 2, 5, 7, 10, 11, 6, 4, 8, 1, 3), 82)
((9, 3, 4, 6, 1, 11, 10, 7, 8, 5, 2), 82)
((9, 3, 4, 7, 1, 11, 10, 8, 6, 5, 2), 82)
((9, 3, 5, 7, 1, 11, 6, 2, 8, 4, 10), 82)
((9, 3, 5, 7, 10, 11, 6, 2, 8, 1, 4), 82)
((9, 3, 5, 8, 1, 11, 6, 7, 2, 4, 10), 82)
((9, 3, 5, 8, 10, 11, 6, 7, 2, 1, 4), 82)
((9, 3, 6, 5, 1, 11, 4, 10, 8, 7, 2), 82)
((9, 3, 6, 8, 1, 11, 7, 5, 2, 4, 10), 82)
((9, 3, 6, 8, 10, 11, 7, 5, 2, 1, 4), 82)
((9, 3, 6, 10, 1, 11, 4, 7, 8, 5, 2), 82)
((9, 3, 7, 4, 1, 11, 6, 5, 2, 8, 10), 82)
((9, 3, 7, 4, 10, 11, 6, 5, 2, 1, 8), 82)
((9, 3, 7, 5, 1, 11, 4, 6, 2, 8, 10), 82)
((9, 3, 7, 5, 1, 11, 4, 10, 6, 8, 2), 82)
((9, 3, 7, 5, 10, 11, 4, 6, 2, 1, 8), 82)
((9, 3, 7, 10, 1, 11, 4, 8, 6, 5, 2), 82)
((9, 4, 7, 2, 1, 11, 6, 3, 8, 5, 10), 82)
((9, 4, 7, 2, 10, 11, 6, 3, 8, 1, 5), 82)
((9, 5, 7, 2, 1, 11, 4, 3, 8, 6, 10), 82)
((9, 5, 7, 2, 10, 11, 4, 3, 8, 1, 6), 82)
((9, 6, 3, 2, 1, 11, 4, 7, 8, 5, 10), 82)
((9, 6, 3, 2, 10, 11, 4, 7, 8, 1, 5), 82)
((9, 6, 3, 7, 1, 11, 2, 4, 8, 5, 10), 82)
((9, 6, 3, 7, 10, 11, 2, 4, 8, 1, 5), 82)
((9, 6, 4, 2, 1, 11, 5, 7, 8, 3, 10), 82)
((9, 6, 4, 2, 10, 11, 5, 7, 8, 1, 3), 82)
((9, 6, 4, 7, 1, 11, 2, 5, 8, 3, 10), 82)
((9, 6, 4, 7, 10, 11, 2, 5, 8, 1, 3), 82)
((9, 8, 3, 6, 1, 11, 4, 7, 2, 5, 10), 82)
((9, 8, 3, 6, 10, 11, 4, 7, 2, 1, 5), 82)
((9, 8, 4, 6, 1, 11, 5, 7, 2, 3, 10), 82)
((9, 8, 4, 6, 10, 11, 5, 7, 2, 1, 3), 82)
((9, 8, 7, 4, 1, 11, 6, 3, 2, 5, 10), 82)
((9, 8, 7, 4, 10, 11, 6, 3, 2, 1, 5), 82)
((9, 8, 7, 5, 1, 11, 4, 3, 2, 6, 10), 82)
((9, 8, 7, 5, 10, 11, 4, 3, 2, 1, 6), 82)
((9, 10, 4, 6, 1, 11, 5, 7, 8, 3, 2), 82)
((9, 10, 4, 7, 1, 11, 5, 8, 6, 3, 2), 82)
((11, 2, 5, 7, 9, 1, 6, 4, 8, 3, 10), 82)
((11, 3, 4, 6, 9, 1, 10, 7, 8, 5, 2), 82)
((11, 3, 4, 7, 9, 1, 10, 8, 6, 5, 2), 82)
((11, 3, 4, 8, 5, 1, 10, 7, 6, 9, 2), 82)
((11, 3, 4, 8, 6, 1, 10, 5, 7, 9, 2), 82)
((11, 3, 5, 7, 9, 1, 6, 2, 8, 4, 10), 82)
((11, 3, 5, 8, 2, 1, 6, 7, 4, 9, 10), 82)
((11, 3, 5, 8, 9, 1, 6, 7, 2, 4, 10), 82)
((11, 3, 6, 5, 9, 1, 4, 10, 8, 7, 2), 82)
((11, 3, 6, 8, 2, 1, 7, 5, 4, 9, 10), 82)
((11, 3, 6, 8, 9, 1, 7, 5, 2, 4, 10), 82)
((11, 3, 6, 10, 9, 1, 4, 7, 8, 5, 2), 82)
((11, 3, 7, 4, 2, 1, 6, 5, 8, 9, 10), 82)
((11, 3, 7, 4, 9, 1, 6, 5, 2, 8, 10), 82)
((11, 3, 7, 5, 2, 1, 4, 6, 8, 9, 10), 82)
((11, 3, 7, 5, 9, 1, 4, 6, 2, 8, 10), 82)
((11, 3, 7, 5, 9, 1, 4, 10, 6, 8, 2), 82)
((11, 3, 7, 10, 9, 1, 4, 8, 6, 5, 2), 82)
((11, 3, 8, 10, 5, 1, 4, 7, 6, 9, 2), 82)
((11, 3, 8, 10, 6, 1, 4, 5, 7, 9, 2), 82)
((11, 3, 9, 4, 7, 1, 10, 5, 8, 6, 2), 82)
((11, 3, 9, 5, 7, 1, 10, 6, 8, 4, 2), 82)
((11, 3, 9, 8, 5, 1, 10, 7, 4, 6, 2), 82)
((11, 3, 9, 8, 6, 1, 10, 5, 4, 7, 2), 82)
((11, 3, 10, 5, 7, 1, 4, 6, 8, 9, 2), 82)
((11, 3, 10, 5, 8, 1, 4, 6, 9, 7, 2), 82)
((11, 4, 7, 2, 9, 1, 6, 3, 8, 5, 10), 82)
((11, 5, 4, 8, 2, 1, 9, 7, 6, 3, 10), 82)
((11, 5, 7, 2, 9, 1, 4, 3, 8, 6, 10), 82)
((11, 5, 9, 8, 2, 1, 6, 7, 4, 3, 10), 82)
((11, 6, 3, 2, 9, 1, 4, 7, 8, 5, 10), 82)
((11, 6, 3, 7, 9, 1, 2, 4, 8, 5, 10), 82)
((11, 6, 4, 2, 9, 1, 5, 7, 8, 3, 10), 82)
((11, 6, 4, 7, 9, 1, 2, 5, 8, 3, 10), 82)
((11, 6, 4, 8, 2, 1, 9, 5, 7, 3, 10), 82)
((11, 6, 9, 8, 2, 1, 7, 5, 4, 3, 10), 82)
((11, 7, 9, 4, 2, 1, 6, 5, 8, 3, 10), 82)
((11, 7, 9, 5, 2, 1, 4, 6, 8, 3, 10), 82)
((11, 8, 3, 6, 2, 1, 4, 7, 5, 9, 10), 82)
((11, 8, 3, 6, 9, 1, 4, 7, 2, 5, 10), 82)
((11, 8, 4, 6, 2, 1, 5, 7, 3, 9, 10), 82)
((11, 8, 4, 6, 9, 1, 5, 7, 2, 3, 10), 82)
((11, 8, 7, 4, 2, 1, 6, 3, 5, 9, 10), 82)
((11, 8, 7, 4, 9, 1, 6, 3, 2, 5, 10), 82)
((11, 8, 7, 5, 2, 1, 4, 3, 6, 9, 10), 82)
((11, 8, 7, 5, 9, 1, 4, 3, 2, 6, 10), 82)
((11, 9, 4, 6, 2, 1, 5, 7, 8, 3, 10), 82)
((11, 9, 4, 7, 2, 1, 5, 8, 6, 3, 10), 82)
((11, 10, 3, 6, 8, 1, 4, 7, 5, 9, 2), 82)
((11, 10, 4, 6, 8, 1, 5, 7, 3, 9, 2), 82)
((11, 10, 4, 6, 9, 1, 5, 7, 8, 3, 2), 82)
((11, 10, 4, 7, 9, 1, 5, 8, 6, 3, 2), 82)
((11, 10, 4, 8, 5, 1, 9, 7, 6, 3, 2), 82)
((11, 10, 4, 8, 6, 1, 9, 5, 7, 3, 2), 82)
((11, 10, 5, 8, 3, 1, 6, 7, 4, 9, 2), 82)
((11, 10, 6, 8, 3, 1, 7, 5, 4, 9, 2), 82)
((11, 10, 7, 4, 3, 1, 6, 5, 8, 9, 2), 82)
((11, 10, 7, 4, 8, 1, 6, 3, 5, 9, 2), 82)
((11, 10, 7, 5, 3, 1, 4, 6, 8, 9, 2), 82)
((11, 10, 7, 5, 8, 1, 4, 3, 6, 9, 2), 82)
((11, 10, 9, 4, 7, 1, 6, 5, 8, 3, 2), 82)
((11, 10, 9, 5, 7, 1, 4, 6, 8, 3, 2), 82)
((11, 10, 9, 8, 5, 1, 6, 7, 4, 3, 2), 82)
((11, 10, 9, 8, 6, 1, 7, 5, 4, 3, 2), 82)


((2, 4, 6, 8, 10, 11, 1, 7, 3, 9, 5), 82) !!!
((2, 4, 6, 8, 10, 5, 1, 7, 3, 9), 69) !!!
((2, 4, 6, 8, 9, 5, 1, 7, 3), 57) !!!

((1, 4, 6, 8, 10, 5, 3, 7, 2, 9), 69)
((2, 3, 5, 8, 1, 10, 6, 7, 4, 9), 69)
((2, 3, 5, 8, 10, 9, 6, 7, 4, 1), 69)
((2, 3, 6, 8, 1, 10, 7, 5, 4, 9), 69)
((2, 3, 6, 8, 10, 9, 7, 5, 4, 1), 69)
((2, 3, 7, 4, 1, 10, 6, 5, 8, 9), 69)
((2, 3, 7, 4, 10, 9, 6, 5, 8, 1), 69)
((2, 3, 7, 5, 1, 10, 4, 6, 8, 9), 69)
((2, 3, 7, 5, 10, 9, 4, 6, 8, 1), 69)
((2, 4, 6, 8, 10, 5, 1, 7, 3, 9), 69)
((2, 4, 7, 1, 10, 5, 6, 3, 8, 9), 69)
((2, 4, 7, 8, 10, 5, 6, 1, 3, 9), 69)
((2, 5, 4, 8, 1, 10, 9, 7, 6, 3), 69)
((2, 5, 4, 8, 10, 3, 9, 7, 6, 1), 69)
((2, 5, 7, 1, 10, 6, 4, 3, 8, 9), 69)
((2, 5, 7, 8, 10, 6, 4, 1, 3, 9), 69)
((2, 5, 9, 8, 1, 10, 6, 7, 4, 3), 69)
((2, 5, 9, 8, 10, 3, 6, 7, 4, 1), 69)
((2, 6, 3, 1, 10, 5, 4, 7, 8, 9), 69)
((2, 6, 3, 8, 10, 5, 4, 1, 7, 9), 69)
((2, 6, 4, 1, 10, 3, 5, 7, 8, 9), 69)
((2, 6, 4, 8, 1, 10, 9, 5, 7, 3), 69)
((2, 6, 4, 8, 10, 3, 5, 1, 7, 9), 69)
((2, 6, 4, 8, 10, 3, 9, 5, 7, 1), 69)
((2, 6, 9, 8, 1, 10, 7, 5, 4, 3), 69)
((2, 6, 9, 8, 10, 3, 7, 5, 4, 1), 69)
((2, 7, 9, 4, 1, 10, 6, 5, 8, 3), 69)
((2, 7, 9, 4, 10, 3, 6, 5, 8, 1), 69)
((2, 7, 9, 5, 1, 10, 4, 6, 8, 3), 69)
((2, 7, 9, 5, 10, 3, 4, 6, 8, 1), 69)
((2, 8, 3, 6, 1, 10, 4, 7, 5, 9), 69)
((2, 8, 3, 6, 10, 9, 4, 7, 5, 1), 69)
((2, 8, 4, 6, 1, 10, 5, 7, 3, 9), 69)
((2, 8, 4, 6, 10, 9, 5, 7, 3, 1), 69)
((2, 8, 7, 4, 1, 10, 6, 3, 5, 9), 69)
((2, 8, 7, 4, 10, 9, 6, 3, 5, 1), 69)
((2, 8, 7, 5, 1, 10, 4, 3, 6, 9), 69)
((2, 8, 7, 5, 10, 9, 4, 3, 6, 1), 69)
((2, 9, 4, 6, 1, 10, 5, 7, 8, 3), 69)
((2, 9, 4, 6, 10, 3, 5, 7, 8, 1), 69)
((2, 9, 4, 7, 1, 10, 5, 8, 6, 3), 69)
((2, 9, 4, 7, 10, 3, 5, 8, 6, 1), 69)
((3, 6, 1, 8, 10, 5, 2, 7, 4, 9), 69)
((3, 10, 5, 8, 1, 2, 6, 7, 4, 9), 69)
((3, 10, 6, 8, 1, 2, 7, 5, 4, 9), 69)
((3, 10, 7, 4, 1, 2, 6, 5, 8, 9), 69)
((3, 10, 7, 5, 1, 2, 4, 6, 8, 9), 69)
((4, 3, 7, 1, 10, 8, 6, 5, 2, 9), 69)
((4, 6, 1, 8, 10, 3, 2, 7, 5, 9), 69)
((4, 8, 7, 1, 10, 5, 6, 3, 2, 9), 69)
((5, 2, 1, 8, 10, 3, 6, 7, 4, 9), 69)
((5, 2, 6, 8, 10, 1, 3, 7, 4, 9), 69)
((5, 3, 1, 8, 10, 4, 6, 7, 2, 9), 69)
((5, 3, 4, 8, 1, 2, 10, 7, 6, 9), 69)
((5, 3, 6, 8, 10, 1, 4, 7, 2, 9), 69)
((5, 3, 7, 1, 10, 8, 4, 6, 2, 9), 69)
((5, 3, 8, 10, 1, 2, 4, 7, 6, 9), 69)
((5, 3, 9, 8, 1, 2, 10, 7, 4, 6), 69)
((5, 8, 7, 1, 10, 6, 4, 3, 2, 9), 69)
((5, 10, 4, 8, 1, 2, 9, 7, 6, 3), 69)
((5, 10, 9, 8, 1, 2, 6, 7, 4, 3), 69)
((6, 3, 4, 8, 1, 2, 10, 5, 7, 9), 69)
((6, 3, 8, 10, 1, 2, 4, 5, 7, 9), 69)
((6, 3, 9, 8, 1, 2, 10, 5, 4, 7), 69)
((6, 8, 3, 1, 10, 5, 4, 7, 2, 9), 69)
((6, 8, 4, 1, 10, 3, 5, 7, 2, 9), 69)
((6, 10, 4, 8, 1, 2, 9, 5, 7, 3), 69)
((6, 10, 9, 8, 1, 2, 7, 5, 4, 3), 69)
((7, 2, 5, 1, 10, 3, 6, 4, 8, 9), 69)
((7, 2, 5, 8, 10, 3, 6, 1, 4, 9), 69)
((7, 3, 5, 1, 10, 4, 6, 2, 8, 9), 69)
((7, 3, 5, 8, 10, 4, 6, 1, 2, 9), 69)
((7, 3, 9, 4, 1, 2, 10, 5, 8, 6), 69)
((7, 3, 9, 5, 1, 2, 10, 6, 8, 4), 69)
((7, 3, 10, 5, 1, 2, 4, 6, 8, 9), 69)
((7, 6, 3, 1, 10, 5, 2, 4, 8, 9), 69)
((7, 6, 3, 8, 10, 5, 2, 1, 4, 9), 69)
((7, 6, 4, 1, 10, 3, 2, 5, 8, 9), 69)
((7, 6, 4, 8, 10, 3, 2, 1, 5, 9), 69)
((7, 10, 9, 4, 1, 2, 6, 5, 8, 3), 69)
((7, 10, 9, 5, 1, 2, 4, 6, 8, 3), 69)
((8, 3, 5, 1, 10, 4, 6, 7, 2, 9), 69)
((8, 3, 6, 1, 10, 4, 7, 5, 2, 9), 69)
((8, 3, 10, 5, 1, 2, 4, 6, 9, 7), 69)
((8, 10, 3, 6, 1, 2, 4, 7, 5, 9), 69)
((8, 10, 4, 6, 1, 2, 5, 7, 3, 9), 69)
((8, 10, 7, 4, 1, 2, 6, 3, 5, 9), 69)
((8, 10, 7, 5, 1, 2, 4, 3, 6, 9), 69)
((9, 2, 5, 7, 1, 10, 6, 4, 8, 3), 69)
((9, 2, 5, 7, 10, 3, 6, 4, 8, 1), 69)
((9, 3, 4, 6, 1, 2, 10, 7, 8, 5), 69)
((9, 3, 4, 7, 1, 2, 10, 8, 6, 5), 69)
((9, 3, 5, 7, 1, 10, 6, 2, 8, 4), 69)
((9, 3, 5, 7, 10, 4, 6, 2, 8, 1), 69)
((9, 3, 5, 8, 1, 10, 6, 7, 2, 4), 69)
((9, 3, 5, 8, 10, 4, 6, 7, 2, 1), 69)
((9, 3, 6, 5, 1, 2, 4, 10, 8, 7), 69)
((9, 3, 6, 8, 1, 10, 7, 5, 2, 4), 69)
((9, 3, 6, 8, 10, 4, 7, 5, 2, 1), 69)
((9, 3, 6, 10, 1, 2, 4, 7, 8, 5), 69)
((9, 3, 7, 4, 1, 10, 6, 5, 2, 8), 69)
((9, 3, 7, 4, 10, 8, 6, 5, 2, 1), 69)
((9, 3, 7, 5, 1, 2, 4, 10, 6, 8), 69)
((9, 3, 7, 5, 1, 10, 4, 6, 2, 8), 69)
((9, 3, 7, 5, 10, 8, 4, 6, 2, 1), 69)
((9, 3, 7, 10, 1, 2, 4, 8, 6, 5), 69)
((9, 4, 7, 2, 1, 10, 6, 3, 8, 5), 69)
((9, 4, 7, 2, 10, 5, 6, 3, 8, 1), 69)
((9, 5, 7, 2, 1, 10, 4, 3, 8, 6), 69)
((9, 5, 7, 2, 10, 6, 4, 3, 8, 1), 69)
((9, 6, 3, 2, 1, 10, 4, 7, 8, 5), 69)
((9, 6, 3, 2, 10, 5, 4, 7, 8, 1), 69)
((9, 6, 3, 7, 1, 10, 2, 4, 8, 5), 69)
((9, 6, 3, 7, 10, 5, 2, 4, 8, 1), 69)
((9, 6, 4, 2, 1, 10, 5, 7, 8, 3), 69)
((9, 6, 4, 2, 10, 3, 5, 7, 8, 1), 69)
((9, 6, 4, 7, 1, 10, 2, 5, 8, 3), 69)
((9, 6, 4, 7, 10, 3, 2, 5, 8, 1), 69)
((9, 8, 3, 6, 1, 10, 4, 7, 2, 5), 69)
((9, 8, 3, 6, 10, 5, 4, 7, 2, 1), 69)
((9, 8, 4, 6, 1, 10, 5, 7, 2, 3), 69)
((9, 8, 4, 6, 10, 3, 5, 7, 2, 1), 69)
((9, 8, 7, 4, 1, 10, 6, 3, 2, 5), 69)
((9, 8, 7, 4, 10, 5, 6, 3, 2, 1), 69)
((9, 8, 7, 5, 1, 10, 4, 3, 2, 6), 69)
((9, 8, 7, 5, 10, 6, 4, 3, 2, 1), 69)
((9, 10, 4, 6, 1, 2, 5, 7, 8, 3), 69)
((9, 10, 4, 7, 1, 2, 5, 8, 6, 3), 69)


((1, 4, 6, 8, 9, 5, 3, 7, 2), 57)
((2, 3, 5, 8, 1, 9, 6, 7, 4), 57)
((2, 3, 6, 8, 1, 9, 7, 5, 4), 57)
((2, 3, 7, 4, 1, 9, 6, 5, 8), 57)
((2, 3, 7, 5, 1, 9, 4, 6, 8), 57)
((2, 4, 6, 8, 9, 5, 1, 7, 3), 57)
((2, 4, 7, 1, 9, 5, 6, 3, 8), 57)
((2, 4, 7, 8, 9, 5, 6, 1, 3), 57)
((2, 5, 4, 8, 1, 3, 9, 7, 6), 57)
((2, 5, 7, 1, 9, 6, 4, 3, 8), 57)
((2, 5, 7, 8, 9, 6, 4, 1, 3), 57)
((2, 5, 9, 8, 1, 3, 6, 7, 4), 57)
((2, 6, 3, 1, 9, 5, 4, 7, 8), 57)
((2, 6, 3, 8, 9, 5, 4, 1, 7), 57)
((2, 6, 4, 1, 9, 3, 5, 7, 8), 57)
((2, 6, 4, 8, 1, 3, 9, 5, 7), 57)
((2, 6, 4, 8, 9, 3, 5, 1, 7), 57)
((2, 6, 9, 8, 1, 3, 7, 5, 4), 57)
((2, 7, 9, 4, 1, 3, 6, 5, 8), 57)
((2, 7, 9, 5, 1, 3, 4, 6, 8), 57)
((2, 8, 3, 6, 1, 9, 4, 7, 5), 57)
((2, 8, 4, 6, 1, 9, 5, 7, 3), 57)
((2, 8, 7, 4, 1, 9, 6, 3, 5), 57)
((2, 8, 7, 5, 1, 9, 4, 3, 6), 57)
((2, 9, 4, 6, 1, 3, 5, 7, 8), 57)
((2, 9, 4, 7, 1, 3, 5, 8, 6), 57)
((3, 6, 1, 8, 9, 5, 2, 7, 4), 57)
((4, 3, 7, 1, 9, 8, 6, 5, 2), 57)
((4, 6, 1, 8, 9, 3, 2, 7, 5), 57)
((4, 8, 7, 1, 9, 5, 6, 3, 2), 57)
((5, 2, 1, 8, 9, 3, 6, 7, 4), 57)
((5, 2, 6, 8, 9, 1, 3, 7, 4), 57)
((5, 3, 1, 8, 9, 4, 6, 7, 2), 57)
((5, 3, 6, 8, 9, 1, 4, 7, 2), 57)
((5, 3, 7, 1, 9, 8, 4, 6, 2), 57)
((5, 8, 7, 1, 9, 6, 4, 3, 2), 57)
((6, 8, 3, 1, 9, 5, 4, 7, 2), 57)
((6, 8, 4, 1, 9, 3, 5, 7, 2), 57)
((7, 2, 5, 1, 9, 3, 6, 4, 8), 57)
((7, 2, 5, 8, 9, 3, 6, 1, 4), 57)
((7, 3, 5, 1, 9, 4, 6, 2, 8), 57)
((7, 3, 5, 8, 9, 4, 6, 1, 2), 57)
((7, 6, 3, 1, 9, 5, 2, 4, 8), 57)
((7, 6, 3, 8, 9, 5, 2, 1, 4), 57)
((7, 6, 4, 1, 9, 3, 2, 5, 8), 57)
((7, 6, 4, 8, 9, 3, 2, 1, 5), 57)
((8, 3, 5, 1, 9, 4, 6, 7, 2), 57)
((8, 3, 6, 1, 9, 4, 7, 5, 2), 57)
((9, 2, 5, 7, 1, 3, 6, 4, 8), 57)
((9, 3, 5, 7, 1, 4, 6, 2, 8), 57)
((9, 3, 5, 8, 1, 4, 6, 7, 2), 57)
((9, 3, 6, 8, 1, 4, 7, 5, 2), 57)
((9, 3, 7, 4, 1, 8, 6, 5, 2), 57)
((9, 3, 7, 5, 1, 8, 4, 6, 2), 57)
((9, 4, 7, 2, 1, 5, 6, 3, 8), 57)
((9, 5, 7, 2, 1, 6, 4, 3, 8), 57)
((9, 6, 3, 2, 1, 5, 4, 7, 8), 57)
((9, 6, 3, 7, 1, 5, 2, 4, 8), 57)
((9, 6, 4, 2, 1, 3, 5, 7, 8), 57)
((9, 6, 4, 7, 1, 3, 2, 5, 8), 57)
((9, 8, 3, 6, 1, 5, 4, 7, 2), 57)
((9, 8, 4, 6, 1, 3, 5, 7, 2), 57)
((9, 8, 7, 4, 1, 5, 6, 3, 2), 57)
((9, 8, 7, 5, 1, 6, 4, 3, 2), 57)



((1, 4, 6, 8, 10, 12, 3, 7, 2, 9, 5, 11), 96)
((2, 3, 4, 6, 9, 1, 12, 7, 8, 5, 10, 11), 96)
((2, 3, 4, 6, 9, 12, 11, 7, 8, 5, 10, 1), 96)
((2, 3, 4, 7, 9, 1, 12, 8, 6, 5, 10, 11), 96)
((2, 3, 4, 7, 9, 12, 11, 8, 6, 5, 10, 1), 96)
((2, 3, 4, 8, 5, 1, 12, 7, 6, 9, 10, 11), 96)
((2, 3, 4, 8, 5, 12, 11, 7, 6, 9, 10, 1), 96)
((2, 3, 4, 8, 6, 1, 12, 5, 7, 9, 10, 11), 96)
((2, 3, 4, 8, 6, 12, 11, 5, 7, 9, 10, 1), 96)
((2, 3, 5, 8, 1, 12, 6, 7, 4, 9, 10, 11), 96)
((2, 3, 5, 8, 10, 12, 6, 7, 4, 1, 9, 11), 96)
((2, 3, 6, 5, 9, 1, 12, 10, 8, 7, 4, 11), 96)
((2, 3, 6, 5, 9, 12, 11, 10, 8, 7, 4, 1), 96)
((2, 3, 6, 8, 1, 12, 7, 5, 4, 9, 10, 11), 96)
((2, 3, 6, 8, 10, 12, 7, 5, 4, 1, 9, 11), 96)
((2, 3, 6, 10, 9, 1, 12, 7, 8, 5, 4, 11), 96)
((2, 3, 6, 10, 9, 12, 11, 7, 8, 5, 4, 1), 96)
((2, 3, 7, 4, 1, 12, 6, 5, 8, 9, 10, 11), 96)
((2, 3, 7, 4, 10, 12, 6, 5, 8, 1, 9, 11), 96)
((2, 3, 7, 5, 1, 12, 4, 6, 8, 9, 10, 11), 96)
((2, 3, 7, 5, 9, 1, 12, 10, 6, 8, 4, 11), 96)
((2, 3, 7, 5, 9, 12, 11, 10, 6, 8, 4, 1), 96)
((2, 3, 7, 5, 10, 12, 4, 6, 8, 1, 9, 11), 96)
((2, 3, 7, 10, 9, 1, 12, 8, 6, 5, 4, 11), 96)
((2, 3, 7, 10, 9, 12, 11, 8, 6, 5, 4, 1), 96)
((2, 3, 8, 10, 5, 1, 12, 7, 6, 9, 4, 11), 96)
((2, 3, 8, 10, 5, 12, 11, 7, 6, 9, 4, 1), 96)
((2, 3, 8, 10, 6, 1, 12, 5, 7, 9, 4, 11), 96)
((2, 3, 8, 10, 6, 12, 11, 5, 7, 9, 4, 1), 96)
((2, 3, 9, 4, 7, 1, 12, 5, 8, 6, 10, 11), 96)
((2, 3, 9, 4, 7, 12, 11, 5, 8, 6, 10, 1), 96)
((2, 3, 9, 5, 7, 1, 12, 6, 8, 4, 10, 11), 96)
((2, 3, 9, 5, 7, 12, 11, 6, 8, 4, 10, 1), 96)
((2, 3, 9, 8, 5, 1, 12, 7, 4, 6, 10, 11), 96)
((2, 3, 9, 8, 5, 12, 11, 7, 4, 6, 10, 1), 96)
((2, 3, 9, 8, 6, 1, 12, 5, 4, 7, 10, 11), 96)
((2, 3, 9, 8, 6, 12, 11, 5, 4, 7, 10, 1), 96)
((2, 3, 10, 5, 7, 1, 12, 6, 8, 9, 4, 11), 96)
((2, 3, 10, 5, 7, 12, 11, 6, 8, 9, 4, 1), 96)
((2, 3, 10, 5, 8, 1, 12, 6, 9, 7, 4, 11), 96)
((2, 3, 10, 5, 8, 12, 11, 6, 9, 7, 4, 1), 96)
((2, 4, 6, 8, 10, 12, 1, 7, 3, 9, 5, 11), 96)
((2, 4, 7, 1, 10, 12, 6, 3, 8, 9, 5, 11), 96)
((2, 4, 7, 8, 10, 12, 6, 1, 3, 9, 5, 11), 96)
((2, 4, 11, 6, 9, 1, 12, 7, 8, 5, 10, 3), 96)
((2, 4, 11, 6, 9, 12, 3, 7, 8, 5, 10, 1), 96)
((2, 4, 11, 7, 9, 1, 12, 8, 6, 5, 10, 3), 96)
((2, 4, 11, 7, 9, 12, 3, 8, 6, 5, 10, 1), 96)
((2, 4, 11, 8, 5, 1, 12, 7, 6, 9, 10, 3), 96)
((2, 4, 11, 8, 5, 12, 3, 7, 6, 9, 10, 1), 96)
((2, 4, 11, 8, 6, 1, 12, 5, 7, 9, 10, 3), 96)
((2, 4, 11, 8, 6, 12, 3, 5, 7, 9, 10, 1), 96)
((2, 5, 4, 8, 1, 12, 9, 7, 6, 3, 10, 11), 96)
((2, 5, 4, 8, 10, 12, 9, 7, 6, 1, 3, 11), 96)
((2, 5, 7, 1, 10, 12, 4, 3, 8, 9, 6, 11), 96)
((2, 5, 7, 8, 10, 12, 4, 1, 3, 9, 6, 11), 96)
((2, 5, 9, 8, 1, 12, 6, 7, 4, 3, 10, 11), 96)
((2, 5, 9, 8, 10, 12, 6, 7, 4, 1, 3, 11), 96)
((2, 6, 3, 1, 10, 12, 4, 7, 8, 9, 5, 11), 96)
((2, 6, 3, 8, 10, 12, 4, 1, 7, 9, 5, 11), 96)
((2, 6, 4, 1, 10, 12, 5, 7, 8, 9, 3, 11), 96)
((2, 6, 4, 5, 9, 1, 12, 11, 8, 7, 10, 3), 96)
((2, 6, 4, 5, 9, 12, 3, 11, 8, 7, 10, 1), 96)
((2, 6, 4, 8, 1, 12, 9, 5, 7, 3, 10, 11), 96)
((2, 6, 4, 8, 10, 12, 5, 1, 7, 9, 3, 11), 96)
((2, 6, 4, 8, 10, 12, 9, 5, 7, 1, 3, 11), 96)
((2, 6, 4, 9, 11, 1, 12, 5, 8, 7, 10, 3), 96)
((2, 6, 4, 9, 11, 12, 3, 5, 8, 7, 10, 1), 96)
((2, 6, 4, 10, 9, 1, 12, 11, 8, 5, 7, 3), 96)
((2, 6, 4, 10, 9, 12, 3, 11, 8, 5, 7, 1), 96)
((2, 6, 9, 8, 1, 12, 7, 5, 4, 3, 10, 11), 96)
((2, 6, 9, 8, 10, 12, 7, 5, 4, 1, 3, 11), 96)
((2, 6, 11, 5, 9, 1, 12, 10, 8, 7, 4, 3), 96)
((2, 6, 11, 5, 9, 12, 3, 10, 8, 7, 4, 1), 96)
((2, 6, 11, 10, 9, 1, 12, 7, 8, 5, 4, 3), 96)
((2, 6, 11, 10, 9, 12, 3, 7, 8, 5, 4, 1), 96)
((2, 7, 4, 5, 9, 1, 12, 11, 6, 8, 10, 3), 96)
((2, 7, 4, 5, 9, 12, 3, 11, 6, 8, 10, 1), 96)
((2, 7, 4, 9, 11, 1, 12, 5, 6, 8, 10, 3), 96)
((2, 7, 4, 9, 11, 12, 3, 5, 6, 8, 10, 1), 96)
((2, 7, 4, 10, 9, 1, 12, 11, 6, 5, 8, 3), 96)
((2, 7, 4, 10, 9, 12, 3, 11, 6, 5, 8, 1), 96)
((2, 7, 9, 4, 1, 12, 6, 5, 8, 3, 10, 11), 96)
((2, 7, 9, 4, 10, 12, 6, 5, 8, 1, 3, 11), 96)
((2, 7, 9, 5, 1, 12, 4, 6, 8, 3, 10, 11), 96)
((2, 7, 9, 5, 10, 12, 4, 6, 8, 1, 3, 11), 96)
((2, 7, 11, 5, 9, 1, 12, 10, 6, 8, 4, 3), 96)
((2, 7, 11, 5, 9, 12, 3, 10, 6, 8, 4, 1), 96)
((2, 7, 11, 10, 9, 1, 12, 8, 6, 5, 4, 3), 96)
((2, 7, 11, 10, 9, 12, 3, 8, 6, 5, 4, 1), 96)
((2, 8, 3, 6, 1, 12, 4, 7, 5, 9, 10, 11), 96)
((2, 8, 3, 6, 10, 12, 4, 7, 5, 1, 9, 11), 96)
((2, 8, 4, 6, 1, 12, 5, 7, 3, 9, 10, 11), 96)
((2, 8, 4, 6, 10, 12, 5, 7, 3, 1, 9, 11), 96)
((2, 8, 4, 10, 5, 1, 12, 11, 6, 9, 7, 3), 96)
((2, 8, 4, 10, 5, 12, 3, 11, 6, 9, 7, 1), 96)
((2, 8, 4, 10, 6, 1, 12, 11, 7, 9, 5, 3), 96)
((2, 8, 4, 10, 6, 12, 3, 11, 7, 9, 5, 1), 96)
((2, 8, 4, 11, 6, 1, 12, 5, 7, 9, 10, 3), 96)
((2, 8, 4, 11, 6, 12, 3, 5, 7, 9, 10, 1), 96)
((2, 8, 7, 4, 1, 12, 6, 3, 5, 9, 10, 11), 96)
((2, 8, 7, 4, 10, 12, 6, 3, 5, 1, 9, 11), 96)
((2, 8, 7, 5, 1, 12, 4, 3, 6, 9, 10, 11), 96)
((2, 8, 7, 5, 10, 12, 4, 3, 6, 1, 9, 11), 96)
((2, 8, 11, 10, 5, 1, 12, 7, 6, 9, 4, 3), 96)
((2, 8, 11, 10, 5, 12, 3, 7, 6, 9, 4, 1), 96)
((2, 8, 11, 10, 6, 1, 12, 5, 7, 9, 4, 3), 96)
((2, 8, 11, 10, 6, 12, 3, 5, 7, 9, 4, 1), 96)
((2, 9, 4, 6, 1, 12, 5, 7, 8, 3, 10, 11), 96)
((2, 9, 4, 6, 10, 12, 5, 7, 8, 1, 3, 11), 96)
((2, 9, 4, 7, 1, 12, 5, 8, 6, 3, 10, 11), 96)
((2, 9, 4, 7, 10, 12, 5, 8, 6, 1, 3, 11), 96)
((2, 9, 4, 11, 6, 1, 12, 5, 7, 10, 8, 3), 96)
((2, 9, 4, 11, 6, 12, 3, 5, 7, 10, 8, 1), 96)
((2, 9, 11, 4, 7, 1, 12, 5, 8, 6, 10, 3), 96)
((2, 9, 11, 4, 7, 12, 3, 5, 8, 6, 10, 1), 96)
((2, 9, 11, 5, 7, 1, 12, 6, 8, 4, 10, 3), 96)
((2, 9, 11, 5, 7, 12, 3, 6, 8, 4, 10, 1), 96)
((2, 9, 11, 8, 5, 1, 12, 7, 4, 6, 10, 3), 96)
((2, 9, 11, 8, 5, 12, 3, 7, 4, 6, 10, 1), 96)
((2, 9, 11, 8, 6, 1, 12, 5, 4, 7, 10, 3), 96)
((2, 9, 11, 8, 6, 12, 3, 5, 4, 7, 10, 1), 96)
((2, 10, 3, 6, 8, 1, 12, 7, 5, 9, 4, 11), 96)
((2, 10, 3, 6, 8, 12, 11, 7, 5, 9, 4, 1), 96)
((2, 10, 4, 5, 7, 1, 12, 11, 8, 9, 6, 3), 96)
((2, 10, 4, 5, 7, 12, 3, 11, 8, 9, 6, 1), 96)
((2, 10, 4, 5, 8, 1, 12, 11, 9, 7, 6, 3), 96)
((2, 10, 4, 5, 8, 12, 3, 11, 9, 7, 6, 1), 96)
((2, 10, 4, 6, 8, 1, 12, 7, 3, 9, 5, 11), 96)
((2, 10, 4, 6, 8, 12, 11, 7, 3, 9, 5, 1), 96)
((2, 10, 4, 6, 9, 1, 12, 7, 8, 3, 5, 11), 96)
((2, 10, 4, 6, 9, 12, 11, 7, 8, 3, 5, 1), 96)
((2, 10, 4, 7, 6, 1, 12, 5, 11, 9, 8, 3), 96)
((2, 10, 4, 7, 6, 12, 3, 5, 11, 9, 8, 1), 96)
((2, 10, 4, 7, 9, 1, 12, 8, 6, 3, 5, 11), 96)
((2, 10, 4, 7, 9, 12, 11, 8, 6, 3, 5, 1), 96)
((2, 10, 4, 7, 11, 1, 12, 5, 8, 9, 6, 3), 96)
((2, 10, 4, 7, 11, 12, 3, 5, 8, 9, 6, 1), 96)
((2, 10, 4, 8, 5, 1, 12, 7, 6, 3, 9, 11), 96)
((2, 10, 4, 8, 5, 12, 11, 7, 6, 3, 9, 1), 96)
((2, 10, 4, 8, 6, 1, 12, 5, 7, 3, 9, 11), 96)
((2, 10, 4, 8, 6, 1, 12, 5, 11, 7, 9, 3), 96)
((2, 10, 4, 8, 6, 12, 3, 5, 11, 7, 9, 1), 96)
((2, 10, 4, 8, 6, 12, 11, 5, 7, 3, 9, 1), 96)
((2, 10, 4, 8, 11, 1, 12, 5, 9, 7, 6, 3), 96)
((2, 10, 4, 8, 11, 12, 3, 5, 9, 7, 6, 1), 96)
((2, 10, 5, 8, 3, 1, 12, 7, 4, 9, 6, 11), 96)
((2, 10, 5, 8, 3, 12, 11, 7, 4, 9, 6, 1), 96)
((2, 10, 6, 8, 3, 1, 12, 5, 4, 9, 7, 11), 96)
((2, 10, 6, 8, 3, 12, 11, 5, 4, 9, 7, 1), 96)
((2, 10, 7, 4, 3, 1, 12, 5, 8, 9, 6, 11), 96)
((2, 10, 7, 4, 3, 12, 11, 5, 8, 9, 6, 1), 96)
((2, 10, 7, 4, 8, 1, 12, 3, 5, 9, 6, 11), 96)
((2, 10, 7, 4, 8, 12, 11, 3, 5, 9, 6, 1), 96)
((2, 10, 7, 5, 3, 1, 12, 6, 8, 9, 4, 11), 96)
((2, 10, 7, 5, 3, 12, 11, 6, 8, 9, 4, 1), 96)
((2, 10, 7, 5, 8, 1, 12, 3, 6, 9, 4, 11), 96)
((2, 10, 7, 5, 8, 12, 11, 3, 6, 9, 4, 1), 96)
((2, 10, 9, 4, 7, 1, 12, 5, 8, 3, 6, 11), 96)
((2, 10, 9, 4, 7, 12, 11, 5, 8, 3, 6, 1), 96)
((2, 10, 9, 5, 7, 1, 12, 6, 8, 3, 4, 11), 96)
((2, 10, 9, 5, 7, 12, 11, 6, 8, 3, 4, 1), 96)
((2, 10, 9, 8, 5, 1, 12, 7, 4, 3, 6, 11), 96)
((2, 10, 9, 8, 5, 12, 11, 7, 4, 3, 6, 1), 96)
((2, 10, 9, 8, 6, 1, 12, 5, 4, 3, 7, 11), 96)
((2, 10, 9, 8, 6, 12, 11, 5, 4, 3, 7, 1), 96)
((2, 10, 11, 5, 7, 1, 12, 6, 8, 9, 4, 3), 96)
((2, 10, 11, 5, 7, 12, 3, 6, 8, 9, 4, 1), 96)
((2, 10, 11, 5, 8, 1, 12, 6, 9, 7, 4, 3), 96)
((2, 10, 11, 5, 8, 12, 3, 6, 9, 7, 4, 1), 96)
((3, 6, 1, 8, 10, 12, 2, 7, 4, 9, 5, 11), 96)
((3, 10, 5, 8, 1, 12, 6, 7, 4, 9, 2, 11), 96)
((3, 10, 6, 8, 1, 12, 7, 5, 4, 9, 2, 11), 96)
((3, 10, 7, 4, 1, 12, 6, 5, 8, 9, 2, 11), 96)
((3, 10, 7, 5, 1, 12, 4, 6, 8, 9, 2, 11), 96)
((3, 12, 4, 6, 9, 1, 2, 7, 8, 5, 10, 11), 96)
((3, 12, 4, 7, 9, 1, 2, 8, 6, 5, 10, 11), 96)
((3, 12, 4, 8, 5, 1, 2, 7, 6, 9, 10, 11), 96)
((3, 12, 4, 8, 6, 1, 2, 5, 7, 9, 10, 11), 96)
((3, 12, 6, 5, 9, 1, 2, 10, 8, 7, 4, 11), 96)
((3, 12, 6, 10, 9, 1, 2, 7, 8, 5, 4, 11), 96)
((3, 12, 7, 5, 9, 1, 2, 10, 6, 8, 4, 11), 96)
((3, 12, 7, 10, 9, 1, 2, 8, 6, 5, 4, 11), 96)
((3, 12, 8, 10, 5, 1, 2, 7, 6, 9, 4, 11), 96)
((3, 12, 8, 10, 6, 1, 2, 5, 7, 9, 4, 11), 96)
((3, 12, 9, 4, 7, 1, 2, 5, 8, 6, 10, 11), 96)
((3, 12, 9, 5, 7, 1, 2, 6, 8, 4, 10, 11), 96)
((3, 12, 9, 8, 5, 1, 2, 7, 4, 6, 10, 11), 96)
((3, 12, 9, 8, 6, 1, 2, 5, 4, 7, 10, 11), 96)
((3, 12, 10, 5, 7, 1, 2, 6, 8, 9, 4, 11), 96)
((3, 12, 10, 5, 8, 1, 2, 6, 9, 7, 4, 11), 96)
((4, 3, 7, 1, 10, 12, 6, 5, 2, 9, 8, 11), 96)
((4, 3, 11, 6, 9, 1, 2, 12, 8, 5, 10, 7), 96)
((4, 3, 11, 7, 9, 1, 2, 12, 6, 5, 10, 8), 96)
((4, 3, 11, 8, 5, 1, 2, 12, 6, 9, 10, 7), 96)
((4, 3, 11, 8, 6, 1, 2, 12, 7, 9, 10, 5), 96)
((4, 6, 1, 8, 10, 12, 2, 7, 5, 9, 3, 11), 96)
((4, 8, 7, 1, 10, 12, 6, 3, 2, 9, 5, 11), 96)
((4, 12, 11, 6, 9, 1, 2, 7, 8, 5, 10, 3), 96)
((4, 12, 11, 7, 9, 1, 2, 8, 6, 5, 10, 3), 96)
((4, 12, 11, 8, 5, 1, 2, 7, 6, 9, 10, 3), 96)
((4, 12, 11, 8, 6, 1, 2, 5, 7, 9, 10, 3), 96)
((5, 2, 1, 8, 10, 12, 6, 7, 4, 9, 3, 11), 96)
((5, 2, 6, 8, 10, 12, 3, 7, 4, 9, 1, 11), 96)
((5, 3, 1, 8, 10, 12, 6, 7, 2, 9, 4, 11), 96)
((5, 3, 4, 8, 1, 12, 10, 7, 6, 9, 2, 11), 96)
((5, 3, 6, 8, 10, 12, 4, 7, 2, 9, 1, 11), 96)
((5, 3, 7, 1, 10, 12, 4, 6, 2, 9, 8, 11), 96)
((5, 3, 8, 10, 1, 12, 4, 7, 6, 9, 2, 11), 96)
((5, 3, 9, 8, 1, 12, 10, 7, 4, 6, 2, 11), 96)
((5, 8, 7, 1, 10, 12, 4, 3, 2, 9, 6, 11), 96)
((5, 10, 4, 8, 1, 12, 9, 7, 6, 3, 2, 11), 96)
((5, 10, 9, 8, 1, 12, 6, 7, 4, 3, 2, 11), 96)
((6, 3, 4, 5, 9, 1, 2, 12, 8, 7, 10, 11), 96)
((6, 3, 4, 8, 1, 12, 10, 5, 7, 9, 2, 11), 96)
((6, 3, 4, 9, 11, 1, 2, 12, 8, 7, 10, 5), 96)
((6, 3, 4, 10, 9, 1, 2, 12, 8, 5, 7, 11), 96)
((6, 3, 5, 12, 9, 1, 2, 4, 8, 7, 10, 11), 96)
((6, 3, 8, 10, 1, 12, 4, 5, 7, 9, 2, 11), 96)
((6, 3, 9, 5, 11, 1, 2, 4, 12, 7, 10, 8), 96)
((6, 3, 9, 8, 1, 12, 10, 5, 4, 7, 2, 11), 96)
((6, 3, 9, 12, 11, 1, 2, 4, 8, 7, 10, 5), 96)
((6, 3, 10, 12, 9, 1, 2, 4, 8, 5, 7, 11), 96)
((6, 3, 11, 5, 9, 1, 2, 12, 8, 7, 4, 10), 96)
((6, 3, 11, 10, 9, 1, 2, 12, 8, 5, 4, 7), 96)
((6, 8, 3, 1, 10, 12, 4, 7, 2, 9, 5, 11), 96)
((6, 8, 4, 1, 10, 12, 5, 7, 2, 9, 3, 11), 96)
((6, 10, 4, 8, 1, 12, 9, 5, 7, 3, 2, 11), 96)
((6, 10, 9, 8, 1, 12, 7, 5, 4, 3, 2, 11), 96)
((6, 12, 4, 5, 9, 1, 2, 11, 8, 7, 10, 3), 96)
((6, 12, 4, 9, 11, 1, 2, 5, 8, 7, 10, 3), 96)
((6, 12, 4, 10, 9, 1, 2, 11, 8, 5, 7, 3), 96)
((6, 12, 11, 5, 9, 1, 2, 10, 8, 7, 4, 3), 96)
((6, 12, 11, 10, 9, 1, 2, 7, 8, 5, 4, 3), 96)
((7, 2, 5, 1, 10, 12, 6, 4, 8, 9, 3, 11), 96)
((7, 2, 5, 8, 10, 12, 6, 1, 4, 9, 3, 11), 96)
((7, 3, 4, 5, 9, 1, 2, 12, 6, 8, 10, 11), 96)
((7, 3, 4, 9, 11, 1, 2, 12, 6, 8, 10, 5), 96)
((7, 3, 4, 10, 9, 1, 2, 12, 6, 5, 8, 11), 96)
((7, 3, 5, 1, 10, 12, 6, 2, 8, 9, 4, 11), 96)
((7, 3, 5, 8, 10, 12, 6, 1, 2, 9, 4, 11), 96)
((7, 3, 5, 12, 9, 1, 2, 4, 6, 8, 10, 11), 96)
((7, 3, 9, 4, 1, 12, 10, 5, 8, 6, 2, 11), 96)
((7, 3, 9, 5, 1, 12, 10, 6, 8, 4, 2, 11), 96)
((7, 3, 9, 5, 11, 1, 2, 4, 12, 8, 10, 6), 96)
((7, 3, 9, 5, 12, 1, 2, 4, 6, 8, 10, 11), 96)
((7, 3, 9, 12, 11, 1, 2, 4, 6, 8, 10, 5), 96)
((7, 3, 10, 5, 1, 12, 4, 6, 8, 9, 2, 11), 96)
((7, 3, 10, 5, 12, 1, 2, 4, 6, 8, 11, 9), 96)
((7, 3, 10, 12, 9, 1, 2, 4, 6, 5, 8, 11), 96)
((7, 3, 11, 5, 8, 1, 2, 4, 6, 12, 10, 9), 96)
((7, 3, 11, 5, 9, 1, 2, 4, 6, 12, 8, 10), 96)
((7, 3, 11, 5, 9, 1, 2, 12, 6, 8, 4, 10), 96)
((7, 3, 11, 10, 9, 1, 2, 12, 6, 5, 4, 8), 96)
((7, 6, 3, 1, 10, 12, 2, 4, 8, 9, 5, 11), 96)
((7, 6, 3, 8, 10, 12, 2, 1, 4, 9, 5, 11), 96)
((7, 6, 4, 1, 10, 12, 2, 5, 8, 9, 3, 11), 96)
((7, 6, 4, 8, 10, 12, 2, 1, 5, 9, 3, 11), 96)
((7, 10, 9, 4, 1, 12, 6, 5, 8, 3, 2, 11), 96)
((7, 10, 9, 5, 1, 12, 4, 6, 8, 3, 2, 11), 96)
((7, 12, 4, 5, 9, 1, 2, 11, 6, 8, 10, 3), 96)
((7, 12, 4, 9, 11, 1, 2, 5, 6, 8, 10, 3), 96)
((7, 12, 4, 10, 9, 1, 2, 11, 6, 5, 8, 3), 96)
((7, 12, 11, 5, 9, 1, 2, 10, 6, 8, 4, 3), 96)
((7, 12, 11, 10, 9, 1, 2, 8, 6, 5, 4, 3), 96)
((8, 3, 4, 10, 5, 1, 2, 12, 6, 9, 7, 11), 96)
((8, 3, 4, 10, 6, 1, 2, 12, 7, 9, 5, 11), 96)
((8, 3, 4, 11, 6, 1, 2, 12, 7, 9, 10, 5), 96)
((8, 3, 5, 1, 10, 12, 6, 7, 2, 9, 4, 11), 96)
((8, 3, 6, 1, 10, 12, 7, 5, 2, 9, 4, 11), 96)
((8, 3, 10, 5, 1, 12, 4, 6, 9, 7, 2, 11), 96)
((8, 3, 10, 12, 5, 1, 2, 4, 6, 9, 7, 11), 96)
((8, 3, 10, 12, 6, 1, 2, 4, 7, 9, 5, 11), 96)
((8, 3, 11, 5, 6, 1, 2, 4, 12, 9, 10, 7), 96)
((8, 3, 11, 10, 5, 1, 2, 12, 6, 9, 4, 7), 96)
((8, 3, 11, 10, 6, 1, 2, 12, 7, 9, 4, 5), 96)
((8, 3, 11, 12, 6, 1, 2, 4, 7, 9, 10, 5), 96)
((8, 10, 3, 6, 1, 12, 4, 7, 5, 9, 2, 11), 96)
((8, 10, 4, 6, 1, 12, 5, 7, 3, 9, 2, 11), 96)
((8, 10, 7, 4, 1, 12, 6, 3, 5, 9, 2, 11), 96)
((8, 10, 7, 5, 1, 12, 4, 3, 6, 9, 2, 11), 96)
((8, 12, 4, 10, 5, 1, 2, 11, 6, 9, 7, 3), 96)
((8, 12, 4, 10, 6, 1, 2, 11, 7, 9, 5, 3), 96)
((8, 12, 4, 11, 6, 1, 2, 5, 7, 9, 10, 3), 96)
((8, 12, 11, 10, 5, 1, 2, 7, 6, 9, 4, 3), 96)
((8, 12, 11, 10, 6, 1, 2, 5, 7, 9, 4, 3), 96)
((9, 2, 5, 7, 1, 12, 6, 4, 8, 3, 10, 11), 96)
((9, 2, 5, 7, 10, 12, 6, 4, 8, 1, 3, 11), 96)
((9, 3, 4, 6, 1, 12, 10, 7, 8, 5, 2, 11), 96)
((9, 3, 4, 7, 1, 12, 10, 8, 6, 5, 2, 11), 96)
((9, 3, 4, 11, 6, 1, 2, 12, 7, 10, 8, 5), 96)
((9, 3, 5, 7, 1, 12, 6, 2, 8, 4, 10, 11), 96)
((9, 3, 5, 7, 10, 12, 6, 2, 8, 1, 4, 11), 96)
((9, 3, 5, 8, 1, 12, 6, 7, 2, 4, 10, 11), 96)
((9, 3, 5, 8, 10, 12, 6, 7, 2, 1, 4, 11), 96)
((9, 3, 6, 5, 1, 12, 4, 10, 8, 7, 2, 11), 96)
((9, 3, 6, 8, 1, 12, 7, 5, 2, 4, 10, 11), 96)
((9, 3, 6, 8, 10, 12, 7, 5, 2, 1, 4, 11), 96)
((9, 3, 6, 10, 1, 12, 4, 7, 8, 5, 2, 11), 96)
((9, 3, 7, 4, 1, 12, 6, 5, 2, 8, 10, 11), 96)
((9, 3, 7, 4, 10, 12, 6, 5, 2, 1, 8, 11), 96)
((9, 3, 7, 5, 1, 12, 4, 6, 2, 8, 10, 11), 96)
((9, 3, 7, 5, 1, 12, 4, 10, 6, 8, 2, 11), 96)
((9, 3, 7, 5, 10, 12, 4, 6, 2, 1, 8, 11), 96)
((9, 3, 7, 10, 1, 12, 4, 8, 6, 5, 2, 11), 96)
((9, 3, 11, 4, 7, 1, 2, 12, 8, 6, 10, 5), 96)
((9, 3, 11, 5, 6, 1, 2, 4, 12, 10, 8, 7), 96)
((9, 3, 11, 5, 7, 1, 2, 12, 8, 4, 10, 6), 96)
((9, 3, 11, 8, 5, 1, 2, 12, 4, 6, 10, 7), 96)
((9, 3, 11, 8, 6, 1, 2, 12, 4, 7, 10, 5), 96)
((9, 3, 11, 12, 6, 1, 2, 4, 7, 10, 8, 5), 96)
((9, 4, 7, 2, 1, 12, 6, 3, 8, 5, 10, 11), 96)
((9, 4, 7, 2, 10, 12, 6, 3, 8, 1, 5, 11), 96)
((9, 5, 7, 2, 1, 12, 4, 3, 8, 6, 10, 11), 96)
((9, 5, 7, 2, 10, 12, 4, 3, 8, 1, 6, 11), 96)
((9, 6, 3, 2, 1, 12, 4, 7, 8, 5, 10, 11), 96)
((9, 6, 3, 2, 10, 12, 4, 7, 8, 1, 5, 11), 96)
((9, 6, 3, 7, 1, 12, 2, 4, 8, 5, 10, 11), 96)
((9, 6, 3, 7, 10, 12, 2, 4, 8, 1, 5, 11), 96)
((9, 6, 4, 2, 1, 12, 5, 7, 8, 3, 10, 11), 96)
((9, 6, 4, 2, 10, 12, 5, 7, 8, 1, 3, 11), 96)
((9, 6, 4, 7, 1, 12, 2, 5, 8, 3, 10, 11), 96)
((9, 6, 4, 7, 10, 12, 2, 5, 8, 1, 3, 11), 96)
((9, 8, 3, 6, 1, 12, 4, 7, 2, 5, 10, 11), 96)
((9, 8, 3, 6, 10, 12, 4, 7, 2, 1, 5, 11), 96)
((9, 8, 4, 6, 1, 12, 5, 7, 2, 3, 10, 11), 96)
((9, 8, 4, 6, 10, 12, 5, 7, 2, 1, 3, 11), 96)
((9, 8, 7, 4, 1, 12, 6, 3, 2, 5, 10, 11), 96)
((9, 8, 7, 4, 10, 12, 6, 3, 2, 1, 5, 11), 96)
((9, 8, 7, 5, 1, 12, 4, 3, 2, 6, 10, 11), 96)
((9, 8, 7, 5, 10, 12, 4, 3, 2, 1, 6, 11), 96)
((9, 10, 4, 6, 1, 12, 5, 7, 8, 3, 2, 11), 96)
((9, 10, 4, 7, 1, 12, 5, 8, 6, 3, 2, 11), 96)
((9, 12, 4, 11, 6, 1, 2, 5, 7, 10, 8, 3), 96)
((9, 12, 11, 4, 7, 1, 2, 5, 8, 6, 10, 3), 96)
((9, 12, 11, 5, 7, 1, 2, 6, 8, 4, 10, 3), 96)
((9, 12, 11, 8, 5, 1, 2, 7, 4, 6, 10, 3), 96)
((9, 12, 11, 8, 6, 1, 2, 5, 4, 7, 10, 3), 96)
((10, 3, 4, 5, 7, 1, 2, 12, 8, 9, 6, 11), 96)
((10, 3, 4, 5, 8, 1, 2, 12, 9, 7, 6, 11), 96)
((10, 3, 4, 7, 6, 1, 2, 12, 11, 9, 8, 5), 96)
((10, 3, 4, 7, 11, 1, 2, 12, 8, 9, 6, 5), 96)
((10, 3, 4, 8, 6, 1, 2, 12, 11, 7, 9, 5), 96)
((10, 3, 4, 8, 11, 1, 2, 12, 9, 7, 6, 5), 96)
((10, 3, 5, 12, 7, 1, 2, 4, 8, 9, 6, 11), 96)
((10, 3, 5, 12, 8, 1, 2, 4, 9, 7, 6, 11), 96)
((10, 3, 7, 5, 6, 1, 2, 4, 12, 9, 8, 11), 96)
((10, 3, 7, 5, 11, 1, 2, 4, 12, 9, 6, 8), 96)
((10, 3, 7, 12, 6, 1, 2, 4, 11, 9, 8, 5), 96)
((10, 3, 7, 12, 11, 1, 2, 4, 8, 9, 6, 5), 96)
((10, 3, 8, 5, 6, 1, 2, 4, 12, 7, 9, 11), 96)
((10, 3, 8, 5, 11, 1, 2, 4, 12, 7, 6, 9), 96)
((10, 3, 8, 12, 6, 1, 2, 4, 11, 7, 9, 5), 96)
((10, 3, 8, 12, 11, 1, 2, 4, 9, 7, 6, 5), 96)
((10, 3, 11, 5, 7, 1, 2, 12, 8, 9, 4, 6), 96)
((10, 3, 11, 5, 8, 1, 2, 12, 9, 7, 4, 6), 96)
((10, 12, 3, 6, 8, 1, 2, 7, 5, 9, 4, 11), 96)
((10, 12, 4, 5, 7, 1, 2, 11, 8, 9, 6, 3), 96)
((10, 12, 4, 5, 8, 1, 2, 11, 9, 7, 6, 3), 96)
((10, 12, 4, 6, 8, 1, 2, 7, 3, 9, 5, 11), 96)
((10, 12, 4, 6, 9, 1, 2, 7, 8, 3, 5, 11), 96)
((10, 12, 4, 7, 6, 1, 2, 5, 11, 9, 8, 3), 96)
((10, 12, 4, 7, 9, 1, 2, 8, 6, 3, 5, 11), 96)
((10, 12, 4, 7, 11, 1, 2, 5, 8, 9, 6, 3), 96)
((10, 12, 4, 8, 5, 1, 2, 7, 6, 3, 9, 11), 96)
((10, 12, 4, 8, 6, 1, 2, 5, 7, 3, 9, 11), 96)
((10, 12, 4, 8, 6, 1, 2, 5, 11, 7, 9, 3), 96)
((10, 12, 4, 8, 11, 1, 2, 5, 9, 7, 6, 3), 96)
((10, 12, 5, 8, 3, 1, 2, 7, 4, 9, 6, 11), 96)
((10, 12, 6, 8, 3, 1, 2, 5, 4, 9, 7, 11), 96)
((10, 12, 7, 4, 3, 1, 2, 5, 8, 9, 6, 11), 96)
((10, 12, 7, 4, 8, 1, 2, 3, 5, 9, 6, 11), 96)
((10, 12, 7, 5, 3, 1, 2, 6, 8, 9, 4, 11), 96)
((10, 12, 7, 5, 8, 1, 2, 3, 6, 9, 4, 11), 96)
((10, 12, 9, 4, 7, 1, 2, 5, 8, 3, 6, 11), 96)
((10, 12, 9, 5, 7, 1, 2, 6, 8, 3, 4, 11), 96)
((10, 12, 9, 8, 5, 1, 2, 7, 4, 3, 6, 11), 96)
((10, 12, 9, 8, 6, 1, 2, 5, 4, 3, 7, 11), 96)
((10, 12, 11, 5, 7, 1, 2, 6, 8, 9, 4, 3), 96)
((10, 12, 11, 5, 8, 1, 2, 6, 9, 7, 4, 3), 96)
((11, 2, 5, 7, 9, 1, 12, 4, 8, 3, 10, 6), 96)
((11, 2, 5, 7, 9, 12, 6, 4, 8, 3, 10, 1), 96)
((11, 3, 4, 6, 9, 1, 12, 7, 8, 5, 2, 10), 96)
((11, 3, 4, 6, 9, 12, 10, 7, 8, 5, 2, 1), 96)
((11, 3, 4, 7, 9, 1, 12, 8, 6, 5, 2, 10), 96)
((11, 3, 4, 7, 9, 12, 10, 8, 6, 5, 2, 1), 96)
((11, 3, 4, 8, 5, 1, 12, 7, 6, 9, 2, 10), 96)
((11, 3, 4, 8, 5, 12, 10, 7, 6, 9, 2, 1), 96)
((11, 3, 4, 8, 6, 1, 12, 5, 7, 9, 2, 10), 96)
((11, 3, 4, 8, 6, 12, 10, 5, 7, 9, 2, 1), 96)
((11, 3, 5, 7, 9, 1, 12, 2, 8, 4, 10, 6), 96)
((11, 3, 5, 7, 9, 12, 6, 2, 8, 4, 10, 1), 96)
((11, 3, 5, 8, 2, 1, 12, 7, 4, 9, 10, 6), 96)
((11, 3, 5, 8, 2, 12, 6, 7, 4, 9, 10, 1), 96)
((11, 3, 5, 8, 9, 1, 12, 7, 2, 4, 10, 6), 96)
((11, 3, 5, 8, 9, 12, 6, 7, 2, 4, 10, 1), 96)
((11, 3, 6, 5, 9, 1, 12, 10, 8, 7, 2, 4), 96)
((11, 3, 6, 5, 9, 12, 4, 10, 8, 7, 2, 1), 96)
((11, 3, 6, 8, 2, 1, 12, 5, 4, 9, 10, 7), 96)
((11, 3, 6, 8, 2, 12, 7, 5, 4, 9, 10, 1), 96)
((11, 3, 6, 8, 9, 1, 12, 5, 2, 4, 10, 7), 96)
((11, 3, 6, 8, 9, 12, 7, 5, 2, 4, 10, 1), 96)
((11, 3, 6, 10, 9, 1, 12, 7, 8, 5, 2, 4), 96)
((11, 3, 6, 10, 9, 12, 4, 7, 8, 5, 2, 1), 96)
((11, 3, 7, 4, 2, 1, 12, 5, 8, 9, 10, 6), 96)
((11, 3, 7, 4, 2, 12, 6, 5, 8, 9, 10, 1), 96)
((11, 3, 7, 4, 9, 1, 12, 5, 2, 8, 10, 6), 96)
((11, 3, 7, 4, 9, 12, 6, 5, 2, 8, 10, 1), 96)
((11, 3, 7, 5, 2, 1, 12, 6, 8, 9, 10, 4), 96)
((11, 3, 7, 5, 2, 12, 4, 6, 8, 9, 10, 1), 96)
((11, 3, 7, 5, 9, 1, 12, 6, 2, 8, 10, 4), 96)
((11, 3, 7, 5, 9, 1, 12, 10, 6, 8, 2, 4), 96)
((11, 3, 7, 5, 9, 12, 4, 6, 2, 8, 10, 1), 96)
((11, 3, 7, 5, 9, 12, 4, 10, 6, 8, 2, 1), 96)
((11, 3, 7, 10, 9, 1, 12, 8, 6, 5, 2, 4), 96)
((11, 3, 7, 10, 9, 12, 4, 8, 6, 5, 2, 1), 96)
((11, 3, 8, 10, 5, 1, 12, 7, 6, 9, 2, 4), 96)
((11, 3, 8, 10, 5, 12, 4, 7, 6, 9, 2, 1), 96)
((11, 3, 8, 10, 6, 1, 12, 5, 7, 9, 2, 4), 96)
((11, 3, 8, 10, 6, 12, 4, 5, 7, 9, 2, 1), 96)
((11, 3, 9, 4, 7, 1, 12, 5, 8, 6, 2, 10), 96)
((11, 3, 9, 4, 7, 12, 10, 5, 8, 6, 2, 1), 96)
((11, 3, 9, 5, 7, 1, 12, 6, 8, 4, 2, 10), 96)
((11, 3, 9, 5, 7, 12, 10, 6, 8, 4, 2, 1), 96)
((11, 3, 9, 8, 5, 1, 12, 7, 4, 6, 2, 10), 96)
((11, 3, 9, 8, 5, 12, 10, 7, 4, 6, 2, 1), 96)
((11, 3, 9, 8, 6, 1, 12, 5, 4, 7, 2, 10), 96)
((11, 3, 9, 8, 6, 12, 10, 5, 4, 7, 2, 1), 96)
((11, 3, 10, 5, 7, 1, 12, 6, 8, 9, 2, 4), 96)
((11, 3, 10, 5, 7, 12, 4, 6, 8, 9, 2, 1), 96)
((11, 3, 10, 5, 8, 1, 12, 6, 9, 7, 2, 4), 96)
((11, 3, 10, 5, 8, 12, 4, 6, 9, 7, 2, 1), 96)
((11, 4, 7, 2, 9, 1, 12, 3, 8, 5, 10, 6), 96)
((11, 4, 7, 2, 9, 12, 6, 3, 8, 5, 10, 1), 96)
((11, 5, 4, 8, 2, 1, 12, 7, 6, 3, 10, 9), 96)
((11, 5, 4, 8, 2, 12, 9, 7, 6, 3, 10, 1), 96)
((11, 5, 7, 2, 9, 1, 12, 3, 8, 6, 10, 4), 96)
((11, 5, 7, 2, 9, 12, 4, 3, 8, 6, 10, 1), 96)
((11, 5, 9, 8, 2, 1, 12, 7, 4, 3, 10, 6), 96)
((11, 5, 9, 8, 2, 12, 6, 7, 4, 3, 10, 1), 96)
((11, 6, 3, 2, 9, 1, 12, 7, 8, 5, 10, 4), 96)
((11, 6, 3, 2, 9, 12, 4, 7, 8, 5, 10, 1), 96)
((11, 6, 3, 7, 9, 1, 12, 4, 8, 5, 10, 2), 96)
((11, 6, 3, 7, 9, 12, 2, 4, 8, 5, 10, 1), 96)
((11, 6, 4, 2, 9, 1, 12, 7, 8, 3, 10, 5), 96)
((11, 6, 4, 2, 9, 12, 5, 7, 8, 3, 10, 1), 96)
((11, 6, 4, 7, 9, 1, 12, 5, 8, 3, 10, 2), 96)
((11, 6, 4, 7, 9, 12, 2, 5, 8, 3, 10, 1), 96)
((11, 6, 4, 8, 2, 1, 12, 5, 7, 3, 10, 9), 96)
((11, 6, 4, 8, 2, 12, 9, 5, 7, 3, 10, 1), 96)
((11, 6, 9, 8, 2, 1, 12, 5, 4, 3, 10, 7), 96)
((11, 6, 9, 8, 2, 12, 7, 5, 4, 3, 10, 1), 96)
((11, 7, 9, 4, 2, 1, 12, 5, 8, 3, 10, 6), 96)
((11, 7, 9, 4, 2, 12, 6, 5, 8, 3, 10, 1), 96)
((11, 7, 9, 5, 2, 1, 12, 6, 8, 3, 10, 4), 96)
((11, 7, 9, 5, 2, 12, 4, 6, 8, 3, 10, 1), 96)
((11, 8, 3, 6, 2, 1, 12, 7, 5, 9, 10, 4), 96)
((11, 8, 3, 6, 2, 12, 4, 7, 5, 9, 10, 1), 96)
((11, 8, 3, 6, 9, 1, 12, 7, 2, 5, 10, 4), 96)
((11, 8, 3, 6, 9, 12, 4, 7, 2, 5, 10, 1), 96)
((11, 8, 4, 6, 2, 1, 12, 7, 3, 9, 10, 5), 96)
((11, 8, 4, 6, 2, 12, 5, 7, 3, 9, 10, 1), 96)
((11, 8, 4, 6, 9, 1, 12, 7, 2, 3, 10, 5), 96)
((11, 8, 4, 6, 9, 12, 5, 7, 2, 3, 10, 1), 96)
((11, 8, 7, 4, 2, 1, 12, 3, 5, 9, 10, 6), 96)
((11, 8, 7, 4, 2, 12, 6, 3, 5, 9, 10, 1), 96)
((11, 8, 7, 4, 9, 1, 12, 3, 2, 5, 10, 6), 96)
((11, 8, 7, 4, 9, 12, 6, 3, 2, 5, 10, 1), 96)
((11, 8, 7, 5, 2, 1, 12, 3, 6, 9, 10, 4), 96)
((11, 8, 7, 5, 2, 12, 4, 3, 6, 9, 10, 1), 96)
((11, 8, 7, 5, 9, 1, 12, 3, 2, 6, 10, 4), 96)
((11, 8, 7, 5, 9, 12, 4, 3, 2, 6, 10, 1), 96)
((11, 9, 4, 6, 2, 1, 12, 7, 8, 3, 10, 5), 96)
((11, 9, 4, 6, 2, 12, 5, 7, 8, 3, 10, 1), 96)
((11, 9, 4, 7, 2, 1, 12, 8, 6, 3, 10, 5), 96)
((11, 9, 4, 7, 2, 12, 5, 8, 6, 3, 10, 1), 96)
((11, 10, 3, 6, 8, 1, 12, 7, 5, 9, 2, 4), 96)
((11, 10, 3, 6, 8, 12, 4, 7, 5, 9, 2, 1), 96)
((11, 10, 4, 6, 8, 1, 12, 7, 3, 9, 2, 5), 96)
((11, 10, 4, 6, 8, 12, 5, 7, 3, 9, 2, 1), 96)
((11, 10, 4, 6, 9, 1, 12, 7, 8, 3, 2, 5), 96)
((11, 10, 4, 6, 9, 12, 5, 7, 8, 3, 2, 1), 96)
((11, 10, 4, 7, 9, 1, 12, 8, 6, 3, 2, 5), 96)
((11, 10, 4, 7, 9, 12, 5, 8, 6, 3, 2, 1), 96)
((11, 10, 4, 8, 5, 1, 12, 7, 6, 3, 2, 9), 96)
((11, 10, 4, 8, 5, 12, 9, 7, 6, 3, 2, 1), 96)
((11, 10, 4, 8, 6, 1, 12, 5, 7, 3, 2, 9), 96)
((11, 10, 4, 8, 6, 12, 9, 5, 7, 3, 2, 1), 96)
((11, 10, 5, 8, 3, 1, 12, 7, 4, 9, 2, 6), 96)
((11, 10, 5, 8, 3, 12, 6, 7, 4, 9, 2, 1), 96)
((11, 10, 6, 8, 3, 1, 12, 5, 4, 9, 2, 7), 96)
((11, 10, 6, 8, 3, 12, 7, 5, 4, 9, 2, 1), 96)
((11, 10, 7, 4, 3, 1, 12, 5, 8, 9, 2, 6), 96)
((11, 10, 7, 4, 3, 12, 6, 5, 8, 9, 2, 1), 96)
((11, 10, 7, 4, 8, 1, 12, 3, 5, 9, 2, 6), 96)
((11, 10, 7, 4, 8, 12, 6, 3, 5, 9, 2, 1), 96)
((11, 10, 7, 5, 3, 1, 12, 6, 8, 9, 2, 4), 96)
((11, 10, 7, 5, 3, 12, 4, 6, 8, 9, 2, 1), 96)
((11, 10, 7, 5, 8, 1, 12, 3, 6, 9, 2, 4), 96)
((11, 10, 7, 5, 8, 12, 4, 3, 6, 9, 2, 1), 96)
((11, 10, 9, 4, 7, 1, 12, 5, 8, 3, 2, 6), 96)
((11, 10, 9, 4, 7, 12, 6, 5, 8, 3, 2, 1), 96)
((11, 10, 9, 5, 7, 1, 12, 6, 8, 3, 2, 4), 96)
((11, 10, 9, 5, 7, 12, 4, 6, 8, 3, 2, 1), 96)
((11, 10, 9, 8, 5, 1, 12, 7, 4, 3, 2, 6), 96)
((11, 10, 9, 8, 5, 12, 6, 7, 4, 3, 2, 1), 96)
((11, 10, 9, 8, 6, 1, 12, 5, 4, 3, 2, 7), 96)
((11, 10, 9, 8, 6, 12, 7, 5, 4, 3, 2, 1), 96)
((12, 3, 7, 5, 10, 1, 2, 4, 6, 9, 8, 11), 96)
((12, 3, 8, 5, 10, 1, 2, 4, 6, 7, 9, 11), 96)
((12, 3, 11, 5, 8, 1, 2, 4, 6, 9, 10, 7), 96)
((12, 3, 11, 5, 9, 1, 2, 4, 6, 10, 8, 7), 96)